# display file or file system status

# Example

$ stat ~/Internal2.May.csv
File: /home/username/Internal2.May.csv
  Size: 107664    	Blocks: 216        IO Block: 4096   regular file
Device: 812h/2066d	Inode: 8913026     Links: 1
Access: (0644/-rw-r--r--)  Uid: ( 1000/username)   Gid: ( 1000/group)
Access: 2022-10-10 15:39:08.007065041 +0000
Modify: 2022-10-10 15:39:05.395143117 +0000
Change: 2022-10-10 15:39:05.395143117 +0000
 Birth: 2022-10-10 15:39:05.395143117 +0000
